%E,N(m):
1,-0.895149434155,-0.748210265663
2,-0.895149434155,-0.748210265663
3,-1.548856948708,-0.998543015051
4,-2.669788419258,-1.321998961731
5,-4.301033680623,-1.404562119678
6,-5.458147121089,-1.255566827790
7,-8.010210598427,-0.982162757936
8,-9.394858563150,-1.188923522563
9,-10.440269687692,-2.120113933105
10,-11.746078376206,-3.101256861927
11,-13.719819017586,-3.818437369584
12,-14.514494118151,-5.245416438219
13,-15.329348728548,-6.383841650481
14,-16.331781471151,-7.958507659830
15,-17.557873578766,-9.663411804833
16,-18.814318215304,-10.280944698947
17,-20.335673856414,-10.875297112119
18,-21.919138870468,-11.863772197141
19,-23.736132591850,-13.327663675668
20,-25.077992148368,-14.625298976909
21,-26.316070057652,-15.690635012307
22,-26.914514270765,-16.692121724602
23,-27.802840809004,-18.062761625976
24,-28.954236295642,-19.221237439763
25,-30.931419933957,-20.460265003952
26,-32.739520149165,-20.924181005195
27,-34.008276832166,-21.516005708415
28,-34.945399330272,-22.853757255348
29,-36.226369996330,-24.211534334674
30,-36.985056767137,-25.388137234468
31,-37.896727840283,-26.743361803374
32,-39.423693734275,-27.817056174705
33,-40.540923311931,-27.481036559321
34,-41.995683209896,-26.738438810165
35,-44.327112342501,-26.644191029909
36,-45.798074810596,-27.354153842480
37,-47.092108761398,-27.888453509495
38,-48.465990171176,-27.619288370843
39,-50.523769298868,-27.200307390804
40,-51.386595996711,-26.097796579297
41,-51.825490179739,-25.016832654267
42,-52.483834552247,-23.522054923310
43,-53.144977471819,-21.776393305372
44,-53.775648898314,-20.526491888538
45,-54.266319760623,-19.468024498397
46,-54.643073212352,-18.119671118674
47,-56.103044992920,-16.610206842865
48,-57.497046772573,-16.739663547306
49,-58.393258687020,-16.479057876770
50,-59.998465471614,-17.431819978838
51,-59.614335991295,-19.258535333455
52,-58.436823036001,-20.015808890444
53,-56.665301262912,-20.604158320559
54,-54.604673725821,-21.008897932388
55,-52.623072403252,-21.704064242268
56,-51.363609186277,-22.315417172323
57,-50.134704944360,-22.986084276181
58,-48.922678869101,-23.686793055127
59,-47.320250333724,-24.644220458879
60,-45.315372710988,-25.269093020169
61,-43.992852898803,-25.728376534328
62,-42.430679228966,-26.205232071201
63,-41.050187962367,-26.438135190207
64,-39.935287011662,-26.781802152873
65,-38.302036328836,-26.765370937885
66,-36.462889491097,-27.084719264447
67,-35.062942526569,-27.072533349983
68,-33.794240419955,-27.664475040246
69,-32.407950575447,-28.528175361417
70,-30.224228736424,-29.350247970266
71,-27.900903150269,-29.566124474696
72,-26.182951517393,-30.773867074383
73,-25.558191946004,-32.282990414516
74,-24.789103987086,-33.723921186352
75,-23.332645749405,-34.891471547723
76,-24.116037207668,-36.324676208928
77,-25.174570851062,-38.138375887982
78,-24.660024803185,-39.440390620854
79,-23.705567421812,-40.765829749943
80,-23.138855446608,-42.297696361283
81,-22.151633483020,-43.598915240790
82,-20.873257553782,-44.615543374044
83,-20.384496780197,-45.674894126777
84,-20.827491693009,-47.727637536759
85,-21.797455839620,-49.322508691032
86,-23.355769911404,-50.350176778560
87,-24.798163237125,-51.116518263601
88,-26.190552566592,-51.970350643499
89,-28.183542698105,-53.587684286712
90,-29.315712339139,-56.148580985902
91,-29.681988412755,-57.499818136774
92,-30.010737506896,-58.373336965542
93,-31.049251690917,-59.924443903839
94,-32.170155667592,-61.112447293081
95,-33.327975304657,-62.264502615452
96,-34.019800361559,-63.203911579511
97,-35.763131206848,-63.871176150958
98,-37.009949695723,-65.260380275715
99,-37.716757852286,-66.988056945194
100,-38.552484274023,-68.657190191060
101,-38.803912171590,-69.796442192785
102,-39.725125351783,-70.850655774864
103,-42.010638360175,-71.320628894217
104,-43.420597474582,-70.496133246273
105,-44.511965361116,-70.083789642766
106,-45.902790823337,-70.243803809753
107,-47.229201325722,-71.557226675249
108,-48.383703990294,-73.024049105518
109,-49.809364701373,-73.821086943180
110,-51.339975606041,-74.391181703977
111,-52.864679162313,-75.468086300464
112,-53.948252459591,-77.266938409290
113,-55.071466641398,-79.312136283881
114,-56.182867841494,-80.509034420817
115,-57.395668643724,-81.208401430413
116,-59.283379634624,-82.128481434997
117,-60.692362137473,-83.352904871195
118,-62.015864625967,-84.669258018110
119,-62.756824763547,-86.124852691189
120,-63.637754178170,-87.770576790452
121,-64.918472239599,-89.434836760268
122,-65.696534921877,-91.131616918948
123,-66.168593556623,-91.936770169250
124,-68.031502193775,-92.055158741630
125,-69.519469746156,-92.728753828339
126,-70.075612960750,-94.013551370702
127,-70.279380110675,-95.398643045867
128,-71.906433250482,-96.726309449842
129,-73.591163275962,-97.979977963144
130,-74.764818670812,-98.743216467244
131,-76.001471965053,-99.399485184953
132,-77.720421349389,-100.127260877413
133,-79.107921191173,-101.375975670107
134,-80.090851428855,-102.680439516148
135,-80.825031623482,-104.139465636406
136,-82.363477968238,-104.688064417014
137,-83.800008893048,-103.910789253483
138,-85.663972595621,-104.011207179850
139,-84.474232431929,-103.273292318299
140,-83.636672387000,-101.871054482226
141,-82.193290917796,-100.037725712255
142,-80.336217580982,-98.625025083623
143,-79.603958516162,-96.907980789950
144,-80.207763672494,-95.644881691230
145,-82.040830794977,-95.292306353300
146,-83.987682455943,-94.505052512284
147,-84.487237388656,-93.716664295532
148,-85.013266419135,-92.675316817403
149,-85.526983806470,-91.627841014790
150,-84.667486917625,-91.264005599833
151,-83.369521099189,-90.739329762604
152,-81.834094186034,-90.182336071314
153,-81.138615822713,-90.102901531266
154,-79.061862702519,-90.414504608535
155,-78.470075531217,-90.788386867921
156,-76.895915876271,-91.224046320382
157,-75.811326989373,-91.653904503423
158,-74.521135858928,-92.197417931887
159,-73.881902792864,-92.482691637740
160,-72.261049855103,-92.684219630658
161,-70.400429938566,-92.834346146064
162,-69.008702194437,-93.689256471186
163,-68.196071709237,-94.148323792648
164,-66.265767501353,-95.839980803630
165,-65.482719333032,-97.273373054155
166,-64.703752232950,-98.969738198054
167,-64.017062728986,-100.189761773706
168,-63.075237393551,-101.801409837638
169,-61.954083207633,-103.577082468333
170,-61.236954806748,-104.779466290847
171,-60.374204358581,-106.166347483295
172,-59.509769272919,-107.820794952126
173,-58.823864727382,-109.303128494953
174,-58.407829304150,-110.138607781188
175,-57.847698082617,-111.672892889126
176,-57.823478258531,-113.306046641195
177,-58.666924943729,-114.423453321518
178,-60.514072619514,-114.692692821376
179,-61.792751373412,-115.708940046272
180,-62.531714171923,-116.898029606573
181,-63.164832922571,-118.900318458757
182,-64.031978130594,-119.680812084172
183,-65.662848043509,-119.770484292382
184,-67.620766475473,-120.529796753610
185,-68.996385937255,-120.789933441463
186,-70.280555330612,-121.347525558663
187,-71.631099894385,-122.266115325121
188,-72.842437284887,-123.361761027047
189,-74.204559391436,-125.256244548035
190,-74.871026814396,-126.213810360523
191,-76.472579288532,-127.172702490552
192,-78.046451705043,-128.176380756228
193,-79.588381373398,-129.927636689063
194,-80.278531785814,-131.145705820205
195,-81.332434488459,-132.686398371561
196,-83.152478933583,-133.100985711236
197,-84.176592053507,-132.542144563226
198,-85.797189065371,-132.338568771644
199,-87.570589375813,-132.921231438517
200,-87.090246843360,-133.984425758774
201,-85.224064069841,-133.941925167410
202,-83.419940109899,-132.867152290396
203,-82.153766954273,-132.269820272193
204,-81.185711117004,-131.258450954916
205,-83.129450325383,-130.463543482433
206,-82.414733259494,-132.438177503138
207,-80.791737502853,-132.254703930912
208,-79.651361530796,-131.442581623402
209,-78.131276775443,-130.359167214699
210,-76.600784133851,-129.788755037573
211,-75.681198802701,-129.070789906216
212,-76.789288951602,-129.926439496825
213,-78.413534553013,-130.098497638372
214,-80.023473258340,-129.823043208620
215,-82.073682970977,-130.277620082437
216,-83.627990065497,-131.311338564602
217,-84.422871160769,-133.000305257235
218,-84.873365360767,-134.811796195720
219,-84.661102275595,-137.135454696257
220,-84.077884706525,-139.152843421101
221,-83.701481456222,-140.006911160962
222,-82.957894144464,-141.461165501705
223,-81.926319827024,-143.290333188824
224,-81.461203095109,-144.360275961501
225,-80.356014888332,-146.415270723549
226,-80.023739782636,-148.252126106691
227,-80.093684231778,-149.650377791487
228,-80.409814877583,-151.252825666633
229,-80.681393028010,-152.387442967454
230,-80.911761037539,-153.291899539820
231,-81.145300535264,-153.951792942578
232,-81.820810271281,-155.691945533872
233,-82.046283155375,-157.309641350865
234,-81.035601418272,-158.879025583846
235,-79.693010327140,-160.493785368463
236,-78.543567342571,-161.654198485849
237,-77.348877048283,-162.767972645413
238,-76.301673629008,-164.313226489641
239,-74.352772997573,-165.095394201063
240,-72.733353766251,-164.882652265838
241,-70.414441056434,-165.141666336295
242,-68.829544132421,-165.536482138956
243,-67.015671453037,-165.977288612854
244,-64.833299970652,-166.802939360638
245,-63.947043403813,-167.095617355791
246,-62.892442377183,-168.016386965754
247,-60.864865306804,-168.563132997902
248,-59.869840832616,-167.578284636089
249,-58.580058265306,-166.576167523750
250,-57.899254085734,-166.413361906287
251,-56.499612157901,-166.381700038826
252,-55.828228673544,-168.371485006336
253,-54.666727494592,-168.481148684938
254,-53.693958701400,-167.837074165877
255,-52.317648910510,-166.250955835014
256,-51.773800710868,-164.960905783370
257,-50.336007598534,-163.770445615802
258,-48.977166827223,-162.169336076069
259,-47.544358178100,-162.953451598664
260,-46.413976394463,-163.779428004636
261,-44.411932020230,-164.413319417736
262,-43.012309343190,-164.445821139447
263,-41.845741261535,-164.460987614854
264,-40.212427300581,-164.468942659147
265,-38.349640001805,-164.348659975592
266,-37.189292229491,-164.227399271333
267,-35.604573059233,-163.240936096217
268,-33.614757857472,-162.569642224024
269,-32.390154352200,-161.891154011250
270,-31.273879181677,-161.551977280348
271,-29.173954331686,-161.534211459431
272,-27.433192108402,-162.208148642284
273,-26.318913078873,-162.553826751892
274,-24.332307736501,-163.234561071330
275,-23.053789646808,-163.804992043776
276,-21.729076206553,-164.257909587274
277,-20.110081652997,-164.473859612363
278,-18.245411190799,-164.387554850908
279,-16.606832768957,-165.700970533575
280,-15.196653604027,-166.525089760735
281,-13.576411042596,-166.731467617844
282,-10.786796840694,-166.972408698915
283,-9.657348055227,-168.152291412910
284,-8.938450055448,-168.747519753150
285,-7.803530662837,-169.017832689181
286,-5.683016368678,-169.991415542725
287,-4.294100663642,-171.238555313861
288,-3.059285303601,-171.898275729344
289,-1.200452399830,-172.069110972498
290,0.653071952455,-171.847995799044
291,2.043673596804,-171.686048070645
292,3.673288069845,-171.575891604501
293,5.539951897322,-171.572635896980
294,7.114277456747,-171.137576348506
295,8.975857392986,-170.999864383015
296,10.500285758392,-169.922570271276
297,10.202911153246,-169.037878542296
298,9.520369853411,-171.023863782427
299,11.449023884318,-173.053714424486
300,13.212645649003,-173.665337442018
301,14.347180781504,-173.937258651618
302,15.979147116766,-174.004069267160
303,17.718897439493,-174.680614357319
304,19.429969161478,-175.426722932974
305,20.398276034343,-176.077486262514
306,22.223577156482,-177.115886866095
307,24.064740751510,-178.125895091974
308,25.391968809875,-178.571389964098
309,26.479581121533,-178.993539902676
310,28.036899454111,-179.486020753872
311,30.364932229763,-179.643208030502
312,32.142042422469,-180.214455619052
313,33.540918434845,-180.270543960069
314,35.169218607534,-180.142417751201
315,37.476991456500,-179.797992255598
316,38.712679121958,-180.456077351491
317,39.612940546327,-181.198128885350
318,41.173552367598,-181.680071331176
319,43.253698714159,-181.968153223851
320,44.296634177406,-182.491026755992
321,45.483777625643,-183.931559601071
322,46.720761081606,-185.628578142418
323,48.593453793549,-187.020507181944
324,48.918921916130,-187.895253780849
325,48.092407954845,-189.568967948873
326,48.654768421443,-191.592269880273
327,49.667643527099,-192.873621431613
328,50.258062986158,-194.143032658271
329,51.110822337900,-195.536079414770
330,52.817969470674,-197.126706055911
331,54.255696593993,-198.317245918039
332,55.486406023155,-198.984594628216
333,56.746344727213,-199.594967024393
334,58.577909088262,-200.622280020191
335,59.966596951658,-200.799892007558
336,61.130981103507,-200.872834848424
337,62.408055637454,-201.891097296186
338,63.881938526107,-203.036572601455
339,64.692164281325,-203.499870925101
340,65.594971847521,-203.736618912483
341,65.594971847521,-203.736618912483
