%dE dN(m):
0.000,0.000000000000,-0.000000000000
0.900,-0.000000000044,-0.359636175205
2.200,-0.000000000013,-0.719272148650
3.000,-0.000000000055,-1.078562116813
3.600,-0.000000000081,-1.438197690820
4.350,-0.000000000150,-1.797833062415
4.950,-0.000000000073,-2.157468232502
5.600,-0.000000000029,-2.516757400847
6.250,-0.000000000038,-2.876392170645
6.800,-0.000000000166,-3.236026740231
7.400,-0.000000000134,-3.595661109620
7.850,-0.000000000066,-3.954949476138
8.500,-0.000000000106,-4.314583443396
9.200,-0.000000000141,-4.674217210025
9.750,-0.000000000134,-5.033850777875
10.350,-0.000000000149,-5.393484144936
10.850,-0.000000000099,-5.752771507906
11.400,-0.000000000193,-6.112404473215
11.950,-0.000000000134,-6.472037238016
12.550,-0.000000000209,-6.831669801689
13.100,-0.000000000093,-7.190956364993
13.700,-0.000000000093,-7.550588528035
14.300,-0.000000000093,-7.910220489447
14.800,-0.000000000123,-8.269852251140
15.350,-0.000000000025,-8.629138012525
16.050,-0.000000000224,-8.988769373748
16.550,-0.000000000095,-9.348400534053
17.150,-0.000000000107,-9.708031492918
17.700,-0.000000000155,-10.067662251752
18.300,-0.000000000034,-10.426947011060
18.800,-0.000000000070,-10.786577369325
19.350,-0.000000000093,-11.146207526583
19.850,-0.000000000193,-11.505837483719
20.300,-0.000000000104,-11.865121440486
21.000,-0.000000000074,-12.224750996326
21.600,-0.000000000163,-12.584380351953
22.100,-0.000000000135,-12.944009505912
22.650,-0.000000000177,-13.303638459370
23.200,-0.000000000238,-13.662921415850
23.700,-0.000000000052,-14.022549967731
24.200,-0.000000000083,-14.382178319681
24.800,-0.000000000060,-14.741806472784
25.350,0.000000000000,-15.101088627845
25.950,-0.000000000166,-15.460716376094
26.400,-0.000000000144,-15.820343926375
27.050,-0.000000000104,-16.179971276650
27.550,-0.000000000013,-16.539252630886
28.200,-0.000000000127,-16.898879577467
28.700,-0.000000000082,-17.258506325232
29.250,-0.000000000072,-17.618132873655
29.800,-0.000000000063,-17.977759219069
30.350,-0.000000000095,-18.337039571106
30.900,-0.000000000075,-18.696665515951
31.450,-0.000000000076,-19.056291261388
31.950,-0.000000000085,-19.415916804883
32.500,-0.000000000183,-19.775196354599
33.050,-0.000000000110,-20.134821497086
33.650,-0.000000000060,-20.494446440165
34.250,-0.000000000121,-20.854071182652
34.650,-0.000000000007,-21.213349930754
35.300,-0.000000000064,-21.572974271671
35.900,-0.000000000044,-21.932598410829
36.350,0.290236097547,-21.958187034270
37.050,0.580472195005,-21.958187001696
37.650,0.870708292391,-21.958186947655
38.200,1.160944390067,-21.958186871949
38.800,1.451180487560,-21.958186774434
39.400,1.741416584800,-21.958186655549
39.950,2.031652682331,-21.958186515000
40.550,2.321888780005,-21.958186352666
41.000,2.612124877134,-21.958186168718
41.650,2.902360974881,-21.958185963129
42.250,3.192597072591,-21.958185735853
42.800,3.482833169574,-21.958185487062
43.350,3.773069267356,-21.958185216533
43.950,4.063305364920,-21.958184924413
44.450,4.353541462266,-21.958184610704
45.100,4.643777559902,-21.958184275331
45.650,4.934013657321,-21.958183918369
46.200,5.224249754883,-21.958183539620
46.750,5.514485852227,-21.958183139283
47.400,5.804721949534,-21.958182717257
47.900,6.094958047459,-21.958182273591
48.700,6.115035677100,-21.726155545710
49.300,6.115033128151,-21.355811716709
49.850,6.115030579335,-20.985467677296
50.400,6.115028032814,-20.615469217343
50.850,6.115025483844,-20.245124751070
51.550,6.115022934790,-19.874780072635
52.100,6.115020385799,-19.504435181468
52.650,6.115017836884,-19.134090078485
53.200,6.115015287948,-18.763744761208
53.750,6.115012739179,-18.393399231920
54.300,6.115010190243,-18.023053490287
54.900,6.115007643596,-17.653053329181
55.400,6.115005094584,-17.282707161938
55.950,6.115002545633,-16.912360781964
56.500,6.114999996648,-16.542014189144
57.050,6.114997447725,-16.171667382901
57.650,6.114994898851,-15.801320364685
58.150,6.114992349892,-15.430973133616
58.700,6.114989800907,-15.060625690011
59.200,6.114987254391,-14.690623828905
59.750,6.114984705377,-14.320275960094
60.350,6.114982156474,-13.949927877868
60.900,6.114979607481,-13.579579583168
61.450,6.114977058655,-13.209231075766
62.000,6.114974509584,-12.838882355457
62.550,6.114971960570,-12.468533422105
63.100,6.114969414109,-12.098530074885
63.600,6.114966865094,-11.728180716486
64.200,6.114964316163,-11.357831144513
64.650,6.114961767182,-10.987481361537
65.300,6.114959218139,-10.617131364865
65.800,6.114956669304,-10.246781154894
66.350,6.114954120407,-9.876430733987
66.950,6.114951571419,-9.506080099225
67.500,6.114949024839,-9.136075051854
68.000,6.114946475914,-8.765723991294
68.550,6.114943926974,-8.395372718822
69.100,6.114941377979,-8.025021232964
69.750,6.114938829032,-7.654669533753
70.300,6.114936280176,-7.284317623349
70.900,6.114933731124,-6.913965499751
71.300,6.114931182226,-6.543613162138
71.900,6.114928635673,-6.173606414048
72.350,5.880827141950,-6.155279333445
73.050,5.555001846698,-6.155279812034
73.500,5.229632888882,-6.155280262847
74.150,4.904263932083,-6.155280686376
74.700,4.578438637225,-6.155281083145
75.250,4.253069679950,-6.155281452261
75.750,3.927700722527,-6.155281794121
76.200,3.601875427520,-6.155282109366
76.900,3.276506469949,-6.155282396836
77.500,2.951137512740,-6.155282656975
78.050,2.625312217800,-6.155282890378
78.600,2.299943260588,-6.155283096249
79.150,1.974574303049,-6.155283274963
79.750,1.649205345870,-6.155283426345
80.300,1.323380050341,-6.155283550725
80.900,0.998011093342,-6.155283647741
81.400,0.672642136015,-6.155283717599
81.900,0.346816841026,-6.155283760282
82.500,-0.266501386848,-6.238621755172
83.100,-0.266501498031,-6.609320067842
83.700,-0.266501609208,-6.980018166376
84.300,-0.266501720468,-7.350716052747
84.800,-0.266501831718,-7.721759525625
85.400,-0.266501942951,-8.092456984348
85.900,-0.266502054169,-8.463154231317
86.400,-0.266502165291,-8.833851264644
87.000,-0.266502276622,-9.204548084154
87.650,-0.266502387716,-9.575244691903
88.250,-0.266502499098,-9.946286884224
88.800,-0.266502610199,-10.316983064545
89.200,-0.266502721397,-10.687679032080
89.850,-0.266502832527,-11.058374786505
90.400,-0.266502943774,-11.429070327210
91.000,-0.266503054987,-11.799765655715
91.500,-0.266503166356,-12.170806566910
92.050,-0.266503277437,-12.541501467797
92.500,-0.266503388748,-12.912196156399
93.250,-0.266503499794,-13.282890632019
93.700,-0.266503610979,-13.653584893382
94.300,-0.266503722213,-14.024278941671
94.900,-0.266503833548,-14.395318575436
95.450,-0.266503944831,-14.766012196896
96.000,-0.266504055836,-15.136705605306
96.550,-0.266504167148,-15.507398802250
97.100,-0.266504278243,-15.878091784429
97.700,-0.266504389485,-16.248784553816
98.250,-0.266504500730,-16.619822907017
98.850,-0.266504612027,-16.990515249263
99.350,-0.266504723193,-17.361207379718
99.950,-0.266504834380,-17.731899296568
100.550,-0.266504945657,-18.102591000944
101.100,-0.266505056844,-18.473282492057
101.650,-0.266505167843,-18.843973769627
102.250,-0.266505279248,-19.215010626285
102.750,-0.266505390345,-19.585701477709
103.350,-0.266505501581,-19.956392116255
103.900,-0.266505612810,-20.327082540666
104.550,-0.266505723907,-20.697772752596
105.150,-0.266505835247,-21.068462750238
105.700,-0.266505946584,-21.439498329245
106.200,-0.266506057709,-21.810187900142
106.650,-0.266506168931,-22.180877258944
107.350,-0.266506280161,-22.551566405453
107.850,-0.266506391161,-22.922255337821
108.350,-0.266506502411,-23.292944056279
109.050,-0.266506613693,-23.663978354253
109.550,-0.266506724902,-24.034666647066
110.000,-0.266506836174,-24.405354727563
110.700,-0.266506947425,-24.776042594547
111.200,-0.266507058481,-25.146730246919
111.750,-0.266507169768,-25.517417688386
112.300,-0.266507281042,-25.888450704924
112.900,-0.266507392224,-26.259137718614
113.450,-0.266507503434,-26.629824519769
113.950,-0.266507614665,-27.000511107319
114.600,-0.266507725805,-27.371197481607
115.100,-0.266507836939,-27.741883642450
115.750,-0.266507948332,-28.112915380433
116.250,-0.266508059341,-28.483601115812
116.850,-0.266508170544,-28.854286635531
117.400,-0.266508281818,-29.224971945778
118.000,-0.266508393126,-29.595657040419
118.500,-0.266508504302,-29.966341923269
119.100,-0.266508615382,-30.337372379992
119.650,-0.266508726600,-30.708056835633
120.200,-0.266508837846,-31.078741078048
120.750,-0.266508949141,-31.449425107391
121.350,-0.266509060282,-31.820108923410
121.900,-0.266509171438,-32.190792526136
122.500,-0.266509282679,-32.561821702833
123.050,-0.266509393982,-32.932504880390
123.700,-0.266509505137,-33.303187842932
124.300,-0.266509616370,-33.673870593622
124.850,-0.266509727408,-34.044553131770
125.400,-0.266509838801,-34.415235454598
126.000,-0.266509950064,-34.786263351080
126.550,-0.266510061130,-35.156945248885
126.950,-0.266510172363,-35.527626932965
127.750,-0.266510283610,-35.898308405821
128.300,-0.266510394816,-36.268989664322
128.850,-0.266510505931,-36.639670708180
129.450,-0.266510617278,-37.010697324508
130.000,-0.266510728504,-37.381377943667
130.550,-0.266510839613,-37.752058348343
131.100,-0.266510950881,-38.122738540984
131.700,-0.266511061885,-38.493418518572
132.250,-0.266511173266,-38.864098286515
132.800,-0.266511284453,-39.235123621839
133.350,-0.266511395771,-39.605802960533
133.950,-0.266511506956,-39.976482087436
134.450,-0.266511618058,-40.347161000765
134.950,-0.266511729258,-40.717839699928
135.650,-0.266511840465,-41.088518188869
136.100,0.159724566697,-41.114797629410
136.800,0.456355904463,-41.114797605962
137.350,0.752987243168,-41.114797559895
137.900,1.050074937085,-41.114797490883
138.450,1.346706274831,-41.114797399710
139.000,1.643337613189,-41.114797285894
139.650,1.939968951356,-41.114797149267
140.150,2.236600289298,-41.114796990050
140.750,2.533231627308,-41.114796808485
141.300,2.830319321584,-41.114796603606
141.900,3.126950659506,-41.114796376664
142.450,3.423581997678,-41.114796127275
143.000,3.720213335986,-41.114795855100
143.600,4.016844673743,-41.114795560310
144.200,4.313476011929,-41.114795242976
144.700,4.610563706200,-41.114794902426
145.300,4.907195044117,-41.114794539812
145.900,5.203826382319,-41.114794154533
146.450,5.500457719968,-41.114793746640
147.050,5.797089058340,-41.114793316446
147.650,6.093720396556,-41.114792863221
148.350,6.115167488977,-40.877240513444
148.750,6.115165137640,-40.535607625307
149.400,6.115162788669,-40.194320337285
150.100,6.115160439562,-39.853032869920
150.700,6.115158088282,-39.511399437755
151.200,6.115155739080,-39.170111608534
151.900,6.115153390170,-38.828823596952
152.550,6.115151041026,-38.487535407687
153.100,6.115148689730,-38.145901251400
153.750,6.115146340771,-37.804612699209
154.350,6.115143991670,-37.463323965294
155.100,6.115141640332,-37.121689267330
155.700,6.115139291255,-36.780400173592
156.300,6.115136942210,-36.439110897719
156.850,6.115134590998,-36.097475657357
157.450,6.115132241830,-35.756186020159
158.000,6.115129892772,-35.414896202078
158.450,6.115127541546,-35.073260418129
159.100,6.115125192393,-34.731970238881
159.700,6.115122843321,-34.390679879283
160.250,6.115120491971,-34.049043553474
160.850,6.115118142985,-33.707752831920
161.400,6.115115793858,-33.366461929332
162.000,6.115113444930,-33.025170847045
162.550,6.115111093606,-32.683533797205
163.200,6.115108744576,-32.342242352750
163.600,5.818480267607,-32.331869204025
164.150,5.521851861476,-32.331869636080
164.750,5.225223456103,-32.331870045613
165.400,4.928138698375,-32.331870432925
165.900,4.631510292733,-32.331870797179
166.450,4.334881887194,-32.331871138866
167.150,4.038253481464,-32.331871457742
167.750,3.741625075475,-32.331871754248
168.300,3.444996669951,-32.331872027989
168.850,3.148368263693,-32.331872279214
169.400,2.851739858046,-32.331872507798
170.000,2.554655100881,-32.331872714107
170.550,2.258026695293,-32.331872897434
171.200,1.961398288972,-32.331873058245
171.750,1.664769883589,-32.331873196438
172.250,1.368141477835,-32.331873311918
172.950,1.071513072037,-32.331873404708
173.500,0.774884666307,-32.331873475152
174.300,0.478256260533,-32.331873522906
174.950,0.181171503603,-32.331873548190
175.450,-0.115456902439,-32.331873550665
176.050,-0.115456946348,-32.669361348301
176.600,-0.115456990155,-33.006848969969
177.200,-0.115457033809,-33.343990626782
177.800,-0.115457077774,-33.681477894245
178.350,-0.115457121623,-34.018964985276
179.000,-0.115457165552,-34.356451899059
179.600,-0.115457209259,-34.693938637129
180.250,-0.115457253165,-35.031425197298
180.850,-0.115457297015,-35.368565797031
181.450,-0.115457340897,-35.706052003586
182.100,-0.115457384726,-36.043538034460
182.650,-0.115457428600,-36.381023889245
183.250,-0.115457472538,-36.718509567697
183.850,-0.115457516289,-37.055649283833
184.450,-0.115457560114,-37.393134608475
184.950,-0.115457604012,-37.730619756472
185.500,-0.115457647814,-38.068104726811
186.100,-0.115457691646,-38.405589521286
186.650,-0.115457735537,-38.743074139739
187.250,-0.115457779365,-39.080212796689
187.850,-0.115457823219,-39.417697062151
188.300,-0.115457866992,-39.755181148642
188.950,-0.115457910879,-40.092665060863
189.500,-0.115457954768,-40.430148795309
190.100,-0.115457998595,-40.767286570323
190.600,-0.115458042447,-41.104769952468
191.200,-0.115458086357,-41.442253156522
191.750,-0.115458130186,-41.779736184364
192.400,-0.115458174095,-42.117219035646
193.000,-0.115458217964,-42.454701710626
193.500,-0.115458261625,-42.791838426293
194.050,-0.115458305457,-43.129320748972
194.600,-0.115458349320,-43.466802893717
195.200,-0.115458393227,-43.804284862373
195.900,-0.115458437164,-44.141766653095
196.400,-0.115458480969,-44.478902486015
197.100,-0.115458524835,-44.816383926286
197.600,-0.115458568501,-45.153865187549
198.300,-0.115458612455,-45.491346271796
198.900,0.186650484505,-45.491346269038
199.400,0.488303223175,-45.491346242854
200.100,0.789955962561,-45.491346193368
200.750,1.092065059410,-45.491346120320
201.300,1.393717798444,-45.491346023992
201.750,1.695370537539,-45.491345904315
202.450,1.997479634934,-45.491345761024
203.000,2.299132373315,-45.491345594701
203.550,2.600785112627,-45.491345404758
204.200,2.902894209912,-45.491345191178
204.700,3.204546948329,-45.491344954686
205.300,3.506199687678,-45.491344694575
205.850,3.808308784818,-45.491344410925
206.400,4.109961523961,-45.491344104093
207.000,4.411614262511,-45.491343773865
207.550,4.713723359576,-45.491343419706
208.150,5.015376099229,-45.491343042851
208.700,5.317028837815,-45.491342642455
209.250,5.619137935098,-45.491342218029
209.800,5.920790673952,-45.491341771058
210.400,6.222443413048,-45.491341300639
210.900,6.524552510040,-45.491340806022
211.450,6.524556042169,-45.972320201821
212.050,6.524559571592,-46.452953461189
212.550,6.524563103831,-46.933932138659
213.200,6.524566635862,-47.414910461228
213.750,6.524570168002,-47.895888421690
214.300,6.524573697636,-48.376520246160
214.800,6.524577229787,-48.857497489954
215.450,6.524580761947,-49.338474373993
215.950,6.524584294060,-49.819450901407
216.550,6.524587823558,-50.300081291799
217.050,6.524591355558,-50.781057099512
217.700,6.524594887728,-51.262032548213
218.200,6.524598419955,-51.743007638941
218.800,6.241198013231,-51.743008103537
219.350,5.958253967551,-51.743008547050
219.750,5.675309921876,-51.743008969658
220.450,5.391909514664,-51.743009372611
221.050,5.108965469367,-51.743009754210
221.650,4.825565062276,-51.743010115692
222.300,4.542621016556,-51.743010456116
222.900,4.259676971280,-51.743010775998
223.600,3.976276563701,-51.743011075837
224.050,3.693332518148,-51.743011354665
224.850,3.409932111344,-51.743011613080
225.350,3.126988065549,-51.743011850633
225.950,2.844044020198,-51.743012067645
226.500,2.560643612907,-51.743012264418
227.100,2.277699567460,-51.743012440277
227.600,1.994299160435,-51.743012595700
228.400,1.711355114894,-51.743012730407
228.700,1.428411068813,-51.743012844501
229.050,1.145010662464,-51.743012938254
229.500,0.862066616650,-51.743013011000
230.450,0.578666209550,-51.743013063553
231.200,0.295722163787,-51.743013095267
231.750,0.012778118614,-51.743013106562
232.300,-0.270622289084,-51.743013097131
233.000,-0.553566334353,-51.743013067273
233.700,-0.836966741639,-51.743013016614
234.250,-1.119910787149,-51.743012945481
234.850,-1.119910329897,-51.380293447383
235.450,-1.119909872765,-51.017573742172
236.100,-1.119909415550,-50.654853836203
236.650,-1.119908958314,-50.292133723621
237.250,-1.119908501037,-49.929413407430
237.800,-1.119908043915,-49.566692887105
238.300,-1.119907586688,-49.203972163110
238.950,-1.119907129379,-48.841251234218
239.600,-1.119906672195,-48.478530101351
240.150,-1.119906215075,-48.115808765535
240.700,-1.119905757810,-47.753087225449
241.350,-1.119905300718,-47.390365479607
242.000,-1.119904843566,-47.027643531089
242.550,-1.119904386170,-46.664921378712
243.300,-1.119903929039,-46.302199020479
243.850,-1.119903471785,-45.939476460890
244.450,-0.815512429900,-45.939476536644
245.050,-0.510665030662,-45.939476588493
245.700,-0.205817630786,-45.939476616479
246.300,0.098573410690,-45.939476620698
247.000,0.403420810863,-45.939476600887
247.550,0.707811851945,-45.939476557482
248.100,1.012659251690,-45.939476490267
248.750,1.317506651927,-45.939476399067
249.450,1.621897693109,-45.939476284053
250.100,1.926745092806,-45.939476145107
250.600,2.231136134396,-45.939475982637
251.250,2.535983533881,-45.939475795969
251.750,2.840830934040,-45.939475585217
252.350,3.145221975040,-45.939475351312
253.000,3.450069375098,-45.939475093180
253.600,3.754460416393,-45.939474811477
254.200,4.059307816420,-45.939474505524
254.700,4.363698857504,-45.939474176099
255.400,4.668546257611,-45.939473822667
256.050,4.973393657410,-45.939473445082
256.600,5.277784698739,-45.939473044170
257.150,5.582632098618,-45.939472619105
257.850,5.887023139881,-45.939472170592
258.400,6.115195877112,-45.001717215704
259.050,6.115193359092,-44.635881901136
259.500,6.115190838781,-44.269700599329
260.150,6.115188320711,-43.903864870057
260.800,6.115185800518,-43.537683150066
261.350,6.115183282357,-43.171847005999
262.000,6.115180762003,-42.805664872342
262.600,6.115178241676,-42.439482530314
263.150,6.115175723625,-42.073645761982
263.800,6.115173203318,-41.707463004120
264.300,6.115170685245,-41.341625819863
264.950,6.115168164881,-40.975442646296
265.500,6.115165644503,-40.609259264957
266.100,6.115163126541,-40.243421457123
266.650,6.115160606141,-39.877237659859
267.250,6.115158088282,-39.511399437755
267.800,6.115155567860,-39.145215224566
268.450,6.115153049791,-38.779376585635
268.950,6.115150529501,-38.413191957644
269.600,6.115148009085,-38.047007120159
270.150,6.115145491140,-37.681167859653
270.800,6.115142970668,-37.314982606463
271.400,6.115140452624,-36.949142930162
272.000,6.115137932270,-36.582957260167
272.500,6.115135412033,-36.216771384366
273.150,6.115132893918,-35.850931084586
273.650,6.115130373653,-35.484744791858
274.250,6.115127855488,-35.118904077375
274.750,6.115125335159,-34.752717367941
275.400,6.115122817161,-34.386876237746
275.950,6.115120296887,-34.020689113639
276.600,6.115117776424,-33.654501780788
277.250,6.115115258390,-33.288660026896
277.800,6.115112737905,-32.922472280190
278.300,6.115110220170,-32.556630109395
278.750,6.115107699747,-32.190441946258
279.450,6.115105179344,-31.824253575127
280.050,6.115102661176,-31.458410781051
280.600,6.115100140905,-31.092221994429
281.200,6.115097622938,-30.726378785111
281.850,6.115095102568,-30.360189582692
282.350,6.115092584481,-29.994345959111
282.900,6.115090064083,-29.628156339076
283.500,6.115087543866,-29.261966513863
284.000,6.115085025673,-28.896122266333
284.600,6.115082505287,-28.529932024384
285.150,6.115079987512,-28.164087360604
285.650,6.115077467028,-27.797896702169
286.250,6.115074946683,-27.431705835013
286.750,6.115072428620,-27.065860550144
287.400,6.115069908225,-26.699669268285
288.000,6.115067390281,-26.333823566611
288.550,6.115064870003,-25.967631868637
289.100,6.115062351869,-25.601785751760
289.700,6.115059831354,-25.235593637490
290.200,6.115057311041,-24.869401314438
290.800,6.115054793240,-24.503554575358
291.400,6.115052272731,-24.137361837481
291.950,6.115049754657,-23.771514682324
292.550,6.115047234454,-23.405321529236
293.100,6.115044713978,-23.039128165842
293.700,6.115042196021,-22.673280388800
294.300,6.115039675642,-22.307086612204
294.800,6.115037157511,-21.941238416735
295.400,6.115034637180,-21.575044223774
295.900,6.115032119186,-21.209195615884
296.550,6.115029598833,-20.843001006309
297.100,6.115027078438,-20.476806188112
297.700,6.115024560409,-20.110956956524
298.100,6.115022040061,-19.744761723342
298.800,6.115019522128,-19.378912075793
299.400,6.115017001613,-19.012716425875
299.950,6.115014481300,-18.646520567865
300.550,6.115011963163,-18.280670298719
301.050,6.115009442793,-17.914474025005
301.650,6.115006924879,-17.548623339084
302.200,6.115004404354,-17.182426650636
302.800,6.115001886383,-16.816575549011
303.350,6.114999366123,-16.450378443880
303.950,6.114996845750,-16.084181131948
304.500,6.114994327604,-15.718329406814
305.150,6.114991807342,-15.352131677076
305.700,6.114989289264,-14.986279539271
306.250,6.114986768765,-14.620081393927
306.750,6.114984248515,-14.253883041583
307.400,6.114981730360,-13.888030278610
307.950,6.114979210019,-13.521831509402
308.500,6.114976692057,-13.155978331565
309.050,6.114974171667,-12.789779147654
309.650,6.114971653684,-12.423925553203
310.150,6.114969133369,-12.057725953085
310.750,6.114966612879,-11.691526146917
311.300,6.114964094825,-11.325671928988
311.950,6.114961574453,-10.959471705325
312.450,6.114959056350,-10.593617072003
313.050,6.114956536061,-10.227416432445
313.550,6.114954018046,-9.861561384230
314.150,6.114951497526,-9.495360330067
314.800,6.114948977138,-9.129159066873
315.250,6.114946459276,-8.763303395173
315.950,6.114943938755,-8.397101716403
316.500,6.114941420829,-8.031245627306
317.050,6.114938900446,-7.665043534736
317.700,6.114936380042,-7.298841231321
318.200,6.114933862122,-6.932984521378
318.850,6.114931341696,-6.566781802038
319.350,6.114928823621,-6.200924677362
320.050,5.767199289077,-6.200925208282
320.600,5.419013416594,-6.200925708559
321.200,5.071283882029,-6.200926176981
321.800,4.723554347073,-6.200926614459
322.350,4.375368474652,-6.200927021440
323.000,4.027638940114,-6.200927396784
323.550,3.679909405876,-6.200927741013
324.100,3.331723533044,-6.200928054551
324.650,2.983993998388,-6.200928336697
325.200,2.635808125827,-6.200928587980
325.850,2.288078591115,-6.200928807847
326.400,1.940349056521,-6.200928996697
326.900,1.592163184023,-6.200929154683
327.500,1.244433649519,-6.200929281375
328.000,0.896704114988,-6.200929376927
328.600,0.548518242553,-6.200929441617
329.100,0.200788707749,-6.200929475208
329.750,-0.146940826867,-6.200929477342
330.350,-0.495126699420,-6.200929448833
330.900,-0.842856233799,-6.200929388931
331.450,-0.842855816807,-5.761416442593
332.050,-0.842855400265,-5.322248998837
332.650,-0.842854983598,-4.883081253746
333.200,-0.842854567010,-4.443913209641
333.850,-0.842854150010,-4.004399066269
334.400,-0.842853733474,-3.565230424856
335.000,-0.842853316904,-3.126061484080
335.400,-0.842852899950,-2.686546441413
336.050,-0.842852483286,-2.247376902761
336.700,-0.842852066602,-1.808207064124
337.300,-0.842851650136,-1.369036927353
337.800,-0.842851233027,-0.929520686393
338.300,-0.842850816543,-0.490349950494
339.000,-0.842850399712,-0.051178916013
